const hours = [
  '12a',
  '1a',
  '2a',
  '3a',
  '4a',
  '5a',
  '6a',
  '7a',
  '8a',
  '9a',
  '10a',
  '11a',
  '12p',
  '1p',
  '2p',
  '3p',
  '4p',
  '5p',
  '6p',
  '7p',
  '8p',
  '9p',
  '10p',
  '11p',
  '112a',
  '11a',
  '2a1',
  '3a1',
  '41a',
  '51a',
  '61a',
  '71a',
  '81a',
  '9a1',
  '10a1',
  '11a1',
  '12sp',
  'd1p',
  '2dp',
  '3ep',
  '43p',
  '51p',
  '6dp',
  '7dpd',
  '8dp',
  '9rp',
  '130p',
  '111pe',
  '1126a',
  '116a',
  '2a16',
  '3a61',
  '416a',
  '561a',
  '616a',
  '761a',
  '861a',
  '9a61',
  '106a1',
  '161a1',
  '126sp',
  'd16p',
  '62dp',
  '36ep',
  '463p',
  '516p',
  '6d6p',
  '7d6pd',
  '8d6p',
  '9r6p',
  '1360p',
  '116pe',
  '6dp3',
  '7d3pd',
  '8d3p',
  '9r3p',
  '1330p',
  '1131pe',
  '11263a',
  '116a3',
  '23a16',
  '3a361',
  '4316a',
  '5631a',
  '3616a',
  '761a3',
  '8631a',
  '9a361',
  '103a1',
  '1361a1',
  '1263sp',
  'd136p',
  '6233dp',
  '336ep',
  '4633p',
  '3516p',
  '6d63p',
  '7d3pd',
  '8d63p',
  '93r6p'
];
// prettier-ignore
const days = [
      'Saturday', 'Friday', 'Thursday',
      'Wednesday', 'Tuesday', 'Monday', 'Sunday',
      'Saturday2', 'Frida1y', 'Thursd1ay',
      'Wed1nesday', 'Tu1esday', 'Monda1y', 'Sund1ay',
      'Satuqrday', 'Fridaqy', 'Thursdqay',
      'Wednqesday', 'Tuesdqay', 'Moqnday', 'Squnday',
      'Saturday2', 'Frid2ay', 'Thursd2ay',
      'Wednesd2ay', 'Tuesda2y', 'Mon2day', 'Su2nday',
      'Saturd3ay', 'F3riday', 'Thurs3day',
      'Wednesda3y', 'Tuesda3y', 'Monda3y', 'S3unday',
      'Sat4urday', '4Friday', 'Thu4rsday',
      'Wedn4esday', 'Tues4ay', '4Mond4ay', '4Sunday',
      'Satu5rday', 'Frid5ay', 'Thu5rsday',
      'Wedn5esday', 'T5uesday', 'Monday5', 'Su5day','Su5wdaii',

      'Saturdaii', 'Fridaii', 'Thursdaii',
      'Wednesdaii', 'Tuesdaii', 'Mondaii', 'Sundaii',
      'Saturdaii2', 'Frida1ii', 'Thursd1aii',
      'Wed1nesdaii', 'Tu1esdaii', 'Monda1ii', 'Sund1aii',
      'Satuqrdaii', 'Fridaqii', 'Thursdqaii',
      'Wednqesdaii', 'Tuesdqaii', 'Moqndaii', 'Squndaii',
      'Saturdaii2', 'Frid2aii', 'Thursd2aii',
      'Wednesd2aii', 'Tuesda2ii', 'Mon2daii', 'Su2ndaii',
      'Saturd3aii', 'F3ridaii', 'Thurs3daii',
      'Wednesda3ii', 'Tuesda3ii', 'Monda3ii', 'S3undaii',
      'Sat4urdaii', '4Fridaii', 'Thu4rsdaii',
      'Wedn4esdaii', 'Tues4aii', '4Mond4aii', '4Sundaii',
      'Satu5rdaii', 'Frid5aii', 'Thu5rsdaii',
      'Wedn5esdaii', 'T5uesdaii', 'Mondaii5', 'Su5daii','Su5daiwi',
    ];

const zData = [
  [
    1.0, 0.46023974682220853, 0.547637196131087, 0.2419337269075594,
    0.2947589711296906, 0.32630061350055445, 0.4312078587025034,
    0.4345948834712078, 0.4345944617982911, 0.2925389135139442,
    0.35050459012955, 0.3027013857720015, 0.5027408191531259,
    0.3766878891932958, 0.2503463949782835, 0.3041242117559301,
    0.35512253120885745, 0.24597507340668925, 0.3508392287167655,
    0.2592552021786485, 0.19857664265013403, 0.10875092254165085,
    0.13506455346725027, 0.15921289841056924, 0.20814852316135038,
    0.2247918179563436, 0.2325558588230768, 0.2583416735499437,
    -0.000847477351340676, -0.03989131254635557, 0.07776321159640559,
    0.18615127324757172, 0.1412803972530898, 0.22162838159921375,
    0.16949115703262493, 0.13335845538195737, 0.024557189057355162,
    0.35493287219108915, 0.25858387392569054, 0.21018999580333658,
    0.1764357889079972, 0.18387092162533597, 0.1681491531353179,
    0.1961592980107294, 0.22670299570242056, 0.10297038984119837,
    0.14130056052008153, 0.15447288026067604, 0.1613994083171716,
    0.11915571731294043, 0.13937844789775944, 0.1426061485395599,
    0.13058408574520938, 0.13114039542998268, 0.11787069051000074,
    0.018333145115151512, 0.13911116057717696, 0.08484866820855434,
    0.12215666837785862, 0.11472406215874557, 0.08718512616796484,
    0.09195038563845316, 0.3393845825628093, 0.36625089759150375,
    0.22134360246081822, 0.16080316403686568, 0.22285900565046213,
    0.14531223647075112, 0.1868078915886418, 0.11674689640045956,
    0.40983556814136973, 0.3591796381949164, 0.39554465287899215,
    0.412348751842612, 0.33286319995606173, 0.2714006814001439,
    0.18872849860459803, 0.02859014068051672, 0.0797715883729029,
    0.19839741182724566, 0.23849596352368696, 0.2134811114716836,
    0.14623858027258357, 0.22595878243257947, 0.1944650928938131,
    0.2460034108640569, 0.22958770327916522, 0.17126729594400344,
    0.19180701779166853, 0.2105224246809313, 0.20562450288034573,
    0.17354451164387596, 0.194392395708608, 0.18676042999778605,
    0.18048413771140712, 0.19893649647397021, 0.18547017046102715,
    0.18255321944930814, 0.1775365318215632, 0.18439026048342236,
    0.1781927116118001, 0.1843270033073336, 0.16408691980807547,
    0.28514141477033644, 0.2351568942904124, 0.2292518692600281,
    0.2633901697882978, 0.19706147875723906, 0.223185313792042,
    0.33774981143947197, 0.40359625966014434, -0.07318033746558925,
    0.15674406939449984, 0.031602277307394525, -0.007850204670849466,
    0.19124301481313627, 0.17133398435301328, 0.11322906015058329,
    0.15637865486143632
  ],
  [
    0.46023974682220853, 1.0, 0.6703204520957061, 0.3209664866719528,
    0.5154151811159322, 0.43792620028130214, 0.5594128929357265,
    0.5014808682644969, 0.4326160850460666, 0.29021180187787154,
    0.3467232865645141, 0.31054117652952906, 0.5288929925905129,
    0.3938422192253825, 0.2521886835899334, 0.27448828633559735,
    0.3053517507292416, 0.25559119245529455, 0.363115349638554,
    0.2295674899553026, 0.19729857834181347, 0.11033485279010968,
    0.06281046820170148, 0.16262354508930424, 0.3158768116534678,
    0.3010327653228225, 0.26822190459327283, 0.2648417227419199,
    -0.06584806118334112, -0.0912384438260157, 0.21086992277535063,
    0.12433832197049684, 0.09616317668265376, 0.12053876729062397,
    0.2569003476494423, 0.10525059093419664, 0.11039458310930657,
    0.27017447985054077, 0.19128302534638242, 0.3914161846817864,
    0.41159941185538385, 0.19750045425639626, 0.17914527628727023,
    0.17456308233790335, 0.22680855043978312, 0.1347270414492956,
    0.11201920645004705, 0.12524009880404133, 0.1631540062513405,
    0.10912410679579872, 0.12805162526984407, 0.1289190428548751,
    0.11251175162589064, 0.12134644230878133, 0.0983051680905137,
    0.06177311313331256, 0.24613443640192043, 0.0903994066547667,
    0.15995034721469611, 0.10817406796015479, 0.07775237328686381,
    0.0767241624229424, 0.19289704385752077, 0.30839416010438825,
    0.24781644541331904, 0.1608294386802848, 0.24918561360513614,
    0.13125707169763837, 0.2369689971473862, 0.10530504708093201,
    0.6013903597104451, 0.5399222595840301, 0.532360410103541,
    0.4852347274831125, 0.5260353720843419, 0.24290116884594726,
    0.09406129931618122, 0.0067450332035814435, -0.014732895463116702,
    0.09270917768625483, 0.22503437650319874, 0.1988009964139024,
    0.12582871399439155, 0.1898177626184709, 0.17970368281734894,
    0.21914389475840962, 0.18644892724457143, 0.1397846836234345,
    0.15174023507956838, 0.16769976580672344, 0.19143868158259425,
    0.243657761528395, 0.17958890506841432, 0.17158949925709135,
    0.13643190286653079, 0.19071133871523546, 0.1724879847166316,
    0.15680306900254024, 0.15701446208420178, 0.16518337476351697,
    0.1552445879803784, 0.1663056911844604, 0.2220331491633619,
    0.5295790535710787, 0.45319149288721633, 0.24711173545398452,
    0.28005367281805327, 0.2683571240952154, 0.2931004781542311,
    0.29028277028099697, 0.4216976436444646, -0.03459497537623425,
    0.06682417240133096, -0.05048301567012801, -0.02149247196267779,
    0.060565929971693355, 0.1641930577531709, 0.01466683537355718,
    0.07486540205221685
  ],
  [
    0.547637196131087, 0.6703204520957061, 1.0, 0.35383325673526744,
    0.5577539268380752, 0.451779801334808, 0.6244232021295146,
    0.669963375329134, 0.6199287957293473, 0.46197962207380067,
    0.5109941259637838, 0.45097464733797527, 0.6180302900138132,
    0.5110988458632024, 0.3282685541304582, 0.42257197062226015,
    0.4651239812242905, 0.291445904579851, 0.4402644768195394,
    0.2847833051498384, 0.18008513745719348, 0.1719739587277561,
    0.16324910119336755, 0.19752234479097086, 0.3168122598873162,
    0.2895216239445244, 0.300203068690201, 0.3191585452322837,
    -0.2320741102435112, -0.258070647927822, 0.07411705815729305,
    0.0303278588303383, -0.03155035555111063, 0.07211489123634736,
    0.11546229965968896, -0.031167099063509004, -0.1714498271519299,
    0.24517404857193487, 0.11822407152645545, 0.20086694340002623,
    0.20104334657334802, 0.19982079852878484, 0.162203923542829,
    0.19548818365171206, 0.20399548970291226, 0.039504969600767915,
    0.07879283483220798, 0.09613918820517792, 0.14460277616531536,
    0.08335377150275129, 0.10677873412664489, 0.10321690502498841,
    0.08682313950645043, 0.09327580593791003, 0.07273911913473442,
    -0.09880271804895138, 0.10743633790090834, 0.07625883839722636,
    0.09025990025690034, 0.08695880079750765, 0.0664916547413439,
    0.05447151685513786, 0.23670757752636842, 0.24983545729475587,
    0.21838463348080803, 0.14411056761387536, 0.20017901530783294,
    0.0833823781064574, 0.1263933633056614, -0.011469332442446693,
    0.5223651758913127, 0.3683936684840465, 0.3633636775400055,
    0.440495057309905, 0.39188675061547457, 0.289570447627113,
    0.19514467021521126, -0.0706795293710358, -0.034946501773755814,
    0.10791604815665584, 0.17000904181467857, 0.20064193915675943,
    0.03687763738277766, 0.14847712411456263, 0.11281854919408604,
    0.1684410099032186, 0.13341346689484054, 0.06465307057962047,
    0.09081368131761713, 0.11946908189403628, 0.14307612546877976,
    0.12667877105750736, 0.14431269527440424, 0.14228035059947738,
    0.11459402249043404, 0.11961903361804022, 0.11016554079146144,
    0.11473601260616692, 0.15696926097755018, 0.1412253366372096,
    0.12417966033216887, 0.1254312150523365, 0.12932147378464076,
    0.3745982113103505, 0.3852357993015581, 0.2410973675224525,
    0.3277628264380526, 0.2533699500569351, 0.2477589761137865,
    0.2741798872744187, 0.4189238375429205, -0.22710602825908205,
    0.013087526891865162, -0.1559042408916823, -0.1695252441268281,
    0.06325857693710898, 0.07064841388027834, -0.08600912696412503,
    -0.023362567965473605
  ],
  [
    0.2419337269075594, 0.3209664866719528, 0.35383325673526744, 1.0,
    0.5592019497943272, 0.557575308420338, 0.6171961477865512,
    0.5550922121810852, 0.5880195034244825, 0.5939073649548536,
    0.6218282198057365, 0.5822736249746687, 0.5150393281471457,
    0.37744621398224476, 0.4729376912992039, 0.5369228455288518,
    0.5483394211926338, 0.5180884063155837, 0.5048422339536348,
    0.4040636147007392, 0.3985439461850364, 0.257026127928897,
    0.278811482810303, 0.3224318079201637, 0.42357392942501526,
    0.3235612807173339, 0.3440165026318384, 0.37163669001906846,
    -0.1627922272934233, -0.13214322876318044, -0.11182548927411143,
    -0.013823593438164385, -0.05841846360807931, -0.13223668061105737,
    -0.0744525317585455, -0.1265329585388679, -0.24194301117293718,
    -0.20691940936808162, -0.23120584716127413, 0.16320744310066543,
    0.25905434614440925, 0.2396860797240734, 0.22164755655738555,
    0.277209165484835, 0.28714953084682676, 0.2249475554099682,
    0.14226628237355962, 0.15987658562130597, 0.20293628260445973,
    0.19726933294330082, 0.19066284312693169, 0.2022027309949146,
    0.17434682524877534, 0.16269874798547337, 0.18417043049750384,
    -0.0053455848010947075, 0.09431856519272025, 0.14219476706524026,
    0.14961427318878978, 0.1537206521978475, 0.10150391886894809,
    0.10127261961948575, 0.07570436303465211, -0.003968714786631535,
    0.05324388544022338, 0.1582472133726303, 0.1599080628543306,
    0.024048726314301324, 0.17367473248557205, 0.11998717822846595,
    0.13446022256762521, 0.016414117540194173, 0.02705229629064522,
    0.16816247018414612, 0.2087998259764697, 0.507421008173775,
    0.4709373021644771, 0.48459491496313983, 0.4028677256524053,
    0.43375019271451914, 0.4056969635431095, 0.3924356863902232,
    0.27531326723769967, 0.3207575822284859, 0.3039076575332489,
    0.31218281806563253, 0.28007725886408846, 0.2128270968825816,
    0.2129232591425045, 0.2190008501371139, 0.22737680631259546,
    0.32038951911112884, 0.3157061575289002, 0.33389188675269527,
    0.2308129315967887, 0.23344624772635136, 0.2875760943015437,
    0.24392549532397584, 0.23391705507888128, 0.21366436986825332,
    0.19015458960873138, 0.22931978455885552, 0.24403220833608952,
    0.3534594069623978, 0.46254255702576685, 0.3007948255516681,
    0.36227986467097967, 0.2566729577648091, 0.3298061451354498,
    0.34766911364549524, 0.3411233264007235, 0.054800129477863196,
    0.3020030832308098, 0.19047820758864095, 0.2760495804016197,
    0.13684490725143864, 0.06612804399022561, 0.032704545587469235,
    0.054607276752431336
  ],
  [
    0.2947589711296906, 0.5154151811159322, 0.5577539268380752,
    0.5592019497943272, 1.0, 0.6046665255973142, 0.6724763118013208,
    0.7044689201309828, 0.6466335242765685, 0.6403938189227825,
    0.6028643827678375, 0.5599693243362867, 0.5460322752766493,
    0.46024179893351425, 0.47031475988195787, 0.5406573445369645,
    0.5201895923787192, 0.5052484519467692, 0.5726522205747273,
    0.4029764066522774, 0.34271175834663503, 0.24200786650311756,
    0.27416625090802965, 0.337899095817677, 0.44849647016795247,
    0.3577168093118223, 0.3616753208360203, 0.36571942479924546,
    -0.2298020024105493, -0.20055335212395223, 0.04477661627419828,
    -0.08379880064475796, -0.10096791833818138, -0.13626470917007744,
    0.011876096524684259, -0.12418533078366832, -0.25637201042888946,
    -0.16879585711372252, -0.21082527993820493, 0.2140507666365983,
    0.34138171954804747, 0.2527689275120564, 0.22716354935810457,
    0.28096176476590123, 0.24769056701263784, 0.16941478827418893,
    0.12872797886452786, 0.14384544077955966, 0.20317850238288634,
    0.1647198863595583, 0.1741566105644297, 0.18252843978234679,
    0.15981993538301584, 0.15222614277295948, 0.16193960705521315,
    -0.055481496452071885, 0.11060612558407516, 0.14857044008611767,
    0.15090983903058391, 0.1367705878387383, 0.09173207135775427,
    0.08385377867158728, 0.033928511766962564, -0.016717147907258777,
    0.11670012994962248, 0.15043149822517718, 0.1631095498390188,
    0.0637701741800668, 0.17542029721790156, 0.08316856036622382,
    0.2862338954581776, 0.1637482261511012, 0.11567603951038866,
    0.29383071829401064, 0.31363670308227276, 0.4579525046205244,
    0.4398065713679373, 0.3804192109888839, 0.3145419864528929,
    0.3320223038938872, 0.38100181944763234, 0.39064739686391325,
    0.2246711687105165, 0.27500318014698266, 0.2584330928158887,
    0.27508736259500965, 0.2287844238444209, 0.18548737976638918,
    0.18552142086541562, 0.2011912604852717, 0.22341394406402856,
    0.3037103155527855, 0.2853567901179381, 0.27968369735088083,
    0.2036560611101417, 0.2025428784155168, 0.24695015517689212,
    0.22341486850553002, 0.23894459717627448, 0.2285640849541888,
    0.1616745414721063, 0.20885599223818063, 0.2382996438573566,
    0.5447846211195995, 0.6364237782855576, 0.27793488058232113,
    0.4057577691608255, 0.3993367395509538, 0.37443698563409683,
    0.31563664298429567, 0.3147107101894607, 0.0816888334059176,
    0.1878649545389679, 0.0982979535445699, 0.19953845711259052,
    0.12793031173939823, 0.1092592260038655, -0.04576180880673212,
    -0.0034432524858567662
  ],
  [
    0.32630061350055445, 0.43792620028130214, 0.451779801334808,
    0.557575308420338, 0.6046665255973142, 1.0, 0.6877077008456429,
    0.6539003851199316, 0.678335505834656, 0.6784992671055804,
    0.6199518639909828, 0.5854522786417297, 0.5686315004476388,
    0.385998494194027, 0.48346062717118876, 0.5411192951975754,
    0.5573622538923436, 0.5419275814254714, 0.5579334207871016,
    0.43340524808181435, 0.3881384459970806, 0.2856263921237321,
    0.2817806203696378, 0.34902502793283874, 0.4336481220432741,
    0.35770118305249904, 0.38171592776677055, 0.3834700395570211,
    -0.240106972721044, -0.22046490499606414, -0.15857284679901432,
    -0.026354981399057585, -0.06652883918937345, -0.10183767685271261,
    -0.06500230287225701, -0.11785950678532839, -0.23699550616339318,
    -0.13385289197058942, -0.1846725426153504, 0.22201704448043055,
    0.3303385392564185, 0.2608341698757048, 0.2713628640267726,
    0.28601215510780714, 0.29003984941015903, 0.2602550076113654,
    0.14386030904109828, 0.1573942904715772, 0.21021981030712023,
    0.17775192306266913, 0.1927046258977057, 0.1978893132927481,
    0.1694919896237151, 0.16890338819159872, 0.16852031018762026,
    -0.00035940778165113966, 0.15649709310364557, 0.15944696531610134,
    0.15788556175822338, 0.15503051919199926, 0.1062987361382465,
    0.0933619915166077, 0.11186928437432539, 0.0685206217321221,
    0.09767293687491245, 0.136725902580652, 0.13180820473581198,
    0.05338029235783823, 0.2672348101463343, 0.10920844657590638,
    0.18634526246340433, 0.11717525592465826, 0.1397561400746582,
    0.3146803841838004, 0.27984714683269885, 0.4985205334474115,
    0.45956941507682253, 0.40475901986514057, 0.34190662535522326,
    0.36423757797634787, 0.3987584823356261, 0.4354321367485682,
    0.25198998542258055, 0.30471178936742366, 0.28497972192223986,
    0.29927142190591893, 0.2594240713437463, 0.20053374268212643,
    0.19220192909867195, 0.23097483560159454, 0.22344150351658215,
    0.32925467244144274, 0.30769761680374885, 0.2912539641322491,
    0.22038734337624014, 0.23152212055938018, 0.2761283176090864,
    0.23979563935435336, 0.23269162533225965, 0.21275536851434934,
    0.1820588585499525, 0.22201361199843386, 0.23330196366929956,
    0.4470411777790645, 0.537061628940026, 0.23998914293726942,
    0.37606317741216294, 0.33189428400150633, 0.4141756842842767,
    0.35668469655734825, 0.40252700025279575, 0.04891135625382861,
    0.23415021514036224, 0.11179061757983551, 0.21045071820292402,
    0.12633047012249923, 0.0409676880295818, -0.02447901420870103,
    0.03066677987440809
  ],
  [
    0.4312078587025034, 0.5594128929357265, 0.6244232021295146,
    0.6171961477865512, 0.6724763118013208, 0.6877077008456429, 1.0,
    0.7891243744514536, 0.8067560989027125, 0.729029151876049,
    0.7174666774234401, 0.664849297600933, 0.7592013558736076,
    0.5086838499688465, 0.5106335916041586, 0.5870401429798491,
    0.634025542379092, 0.5508861089026683, 0.6264285425607201,
    0.47637037048344033, 0.40301722933713985, 0.3104856878825646,
    0.29053607775948603, 0.3479372784917477, 0.5867078485535517,
    0.4070126802381218, 0.4359069362300582, 0.43291731117379223,
    -0.38018412910294863, -0.374623767071487, -0.19983371600616945,
    -0.10336181637561409, -0.14378636716299084, -0.17672209457778584,
    -0.13944117876887735, -0.2591110701904631, -0.36607338873326256,
    -0.15196307048577487, -0.22659015730281815, 0.2537244978214839,
    0.445530409604632, 0.2598684071314903, 0.24374272322579324,
    0.28744692578267417, 0.3515659087350051, 0.20674925369966796,
    0.10622417071873153, 0.13663128520227047, 0.19879495470639588,
    0.14310668233563156, 0.14970228348806267, 0.18291516243709657,
    0.1509751400886327, 0.14203459592277018, 0.15381858953494368,
    -0.03690492903110802, 0.06645866301684838, 0.14490501956492838,
    0.14900219357633587, 0.13582411660367325, 0.08596832571888219,
    0.07784013349552169, 0.055966973397058035, 0.04189500211576064,
    0.07555740509687726, 0.12071643647627486, 0.14952251314518314,
    -0.016796356249332237, 0.20115849497751132, 0.03435328365799104,
    0.25934229583105844, 0.16279309929482047, 0.18751197059476918,
    0.28118450838525433, 0.37059938661086317, 0.5087484695487864,
    0.4076532275048528, 0.3166262483802208, 0.22909684757200913,
    0.33667705123855507, 0.3837393197348843, 0.3706623716746093,
    0.20057928764152258, 0.2807517238474566, 0.2576657540171112,
    0.2901755286425596, 0.23934009342180607, 0.16104520092424707,
    0.16316039452032471, 0.18335961382346413, 0.18050453618132206,
    0.3492700678444872, 0.28741156982368793, 0.25466770570311403,
    0.20667677382394728, 0.20254111247439313, 0.2351781667589638,
    0.21442145195968473, 0.20670960406470135, 0.19514968372622848,
    0.16036671850409331, 0.2044206813875921, 0.22251780683613182,
    0.5068487489497211, 0.5958852868076123, 0.3135684711365811,
    0.37825495185547425, 0.30405299784958917, 0.3749853973932137,
    0.511566657286237, 0.4360851990212233, -0.20639424453679364,
    0.16815133577581298, -0.01726527271995535, 0.10183293862875922,
    0.060985032704776364, -0.019579934926473967, -0.12123504365216486,
    -0.05227398238578657
  ],
  [
    0.4345948834712078, 0.5014808682644969, 0.669963375329134,
    0.5550922121810852, 0.7044689201309828, 0.6539003851199316,
    0.7891243744514536, 1.0, 0.8155477543543684, 0.7348016976183371,
    0.6987053192780017, 0.6504079667719666, 0.6628169077983685,
    0.5132952781933795, 0.5082582023351251, 0.6030068409962579,
    0.6224816429850523, 0.5166214393893819, 0.6119023423791307,
    0.44479086141391877, 0.33028861877692894, 0.34442775619032595,
    0.3422629440572362, 0.34889345279519574, 0.46862078733407925,
    0.37430563309447173, 0.4100734985338666, 0.41945349653070496,
    -0.3860005283905771, -0.3752131497190711, -0.19294069237303643,
    -0.12746683943157663, -0.1848153051417852, -0.14535630123618046,
    -0.14720692344991052, -0.2389212975531431, -0.41524437569524036,
    -0.10349193285994567, -0.20941571600314943, 0.16284871148653668,
    0.24194469778883984, 0.2450760796656008, 0.2285745985444774,
    0.279628565802343, 0.26046778548356864, 0.12067384975018833,
    0.09677276374356811, 0.10766334162189034, 0.1897835657651128,
    0.12124490635419582, 0.14407652884937502, 0.15481359818599208,
    0.13103786269384823, 0.12782133108962127, 0.12633830555664965,
    -0.12282379679401177, 0.0335960537188686, 0.1370394818240418,
    0.10839979592930994, 0.1192211215074862, 0.0720279708658068,
    0.06870470079484538, 0.08314819852137273, 0.013167645356586306,
    0.11462841382357085, 0.1294494258110883, 0.11021257947401168,
    0.02507748748254281, 0.14050451740127642, -0.01935338689192732,
    0.248565401392245, 0.1120773028468893, 0.1386890238293442,
    0.3549737186972046, 0.29942605261667227, 0.47245947563003066,
    0.4253495820536402, 0.2548693063700451, 0.21446561225065477,
    0.2823357181629357, 0.30806457008551436, 0.37130083575085393,
    0.14725949120218743, 0.23170769747931824, 0.2045241774299367,
    0.23398963028440106, 0.18689788030876248, 0.11319596915258329,
    0.12623352303715968, 0.1573429989284349, 0.16167062464645376,
    0.24308024019444224, 0.24890324940955244, 0.24066915781711168,
    0.18541371867920164, 0.1602953323699669, 0.1951692036187551,
    0.1764098744428894, 0.1995863215296773, 0.18153281475841054,
    0.13610835914666922, 0.1672679713764571, 0.18487355485159848,
    0.4182507570009833, 0.5131418159069352, 0.24098273771921414,
    0.40093480201614173, 0.33086812486120315, 0.36880436498909497,
    0.35310829661311455, 0.3884335841769337, -0.11865291614453528,
    0.09973862879685326, -0.053155677882115115, 0.03677215750941998,
    0.06132755613164822, -0.03662759439282952, -0.15072983932869463,
    -0.09548583697522997
  ],
  [
    0.4345944617982911, 0.4326160850460666, 0.6199287957293473,
    0.5880195034244825, 0.6466335242765685, 0.678335505834656,
    0.8067560989027125, 0.8155477543543684, 1.0, 0.796477052913244,
    0.7720442851571103, 0.7132117618664022, 0.704727755908456,
    0.535459167312752, 0.5421451011615511, 0.6599084158257226,
    0.7146956377609028, 0.5792249717892393, 0.626394241669864,
    0.46019505254189763, 0.36272305655745, 0.3005727372778314,
    0.329553307699035, 0.36303441331372915, 0.4526987008202199,
    0.36692177509683627, 0.4173667314108316, 0.4487417085516963,
    -0.3909603089702881, -0.37341443854080597, -0.29629840175850164,
    -0.10191208239212143, -0.17046685737925382, -0.15765206933997425,
    -0.2080343388188714, -0.2488204654905417, -0.44826569255116205,
    -0.14050376202680312, -0.23060226442377338, 0.144213192322259,
    0.20514271243561633, 0.25770853323295007, 0.2513416825900719,
    0.2944267316589778, 0.29963427012188476, 0.11761663075776752,
    0.09737951112034514, 0.12106626835911613, 0.20331523273135457,
    0.13077146661378433, 0.1555635186916601, 0.16925785554045347,
    0.13563287632495483, 0.13477682285949888, 0.14189622495699214,
    -0.12971936288333819, 0.016338096138255147, 0.14711922864151156,
    0.11821441461270997, 0.12858019275308571, 0.07937510431697059,
    0.0742333430711052, 0.11960102069195555, 0.028214597990975372,
    0.12209329319439594, 0.15587095266649514, 0.13708083146526387,
    0.05251741400350191, 0.1905396001164172, 0.00978372785425574,
    0.17653046313692375, 0.0501632155161987, 0.10232002879123216,
    0.315273785353095, 0.28405540028738435, 0.5273227514929393,
    0.5018069402835548, 0.3125014801713305, 0.2798413246382762,
    0.37694263995857896, 0.3426807891890452, 0.4055179491813033,
    0.16408223852076162, 0.2765945627812377, 0.22243583623974758,
    0.25666079218634485, 0.21619113451006988, 0.13141704431396103,
    0.14512633965909802, 0.18710576355006947, 0.18181623012673623,
    0.2413369351266719, 0.26820148111114234, 0.26458777689530777,
    0.19617234645467968, 0.18333838606800631, 0.21677149496804876,
    0.19689614000581512, 0.20962557623156278, 0.1889949203353442,
    0.15479959748638653, 0.1911822383244547, 0.18480505542159026,
    0.350757787184818, 0.47391313119968637, 0.2629341278717574,
    0.4306167457475545, 0.33397828659046314, 0.40032299987243974,
    0.3677465604829134, 0.4770618724992443, -0.15151336785791855,
    0.1856590406147536, -0.001897971923021565, 0.06087558217225877,
    0.09546117965304379, -0.0685196177940118, -0.1204642368840937,
    -0.07268882126936714
  ],
  [
    0.2925389135139442, 0.29021180187787154, 0.46197962207380067,
    0.5939073649548536, 0.6403938189227825, 0.6784992671055804,
    0.729029151876049, 0.7348016976183371, 0.796477052913244, 1.0,
    0.7475978534668254, 0.6941862413026524, 0.6105997141658489,
    0.4585392026316422, 0.5374962864401408, 0.6423824364536576,
    0.6574478176219053, 0.5850667089649212, 0.5870624399642871,
    0.443765298193248, 0.3800160422047606, 0.3438474355255661,
    0.37755709637388307, 0.3800325529291859, 0.43359136923260994,
    0.3495701186928332, 0.38706459911513996, 0.4164985190866286,
    -0.3422211152244984, -0.3070902169536911, -0.26830348217279776,
    -0.12780736870187293, -0.16851641180051347, -0.19171966758468004,
    -0.2319838953882815, -0.25783997376879203, -0.44213357451582247,
    -0.25348533265777257, -0.3112832482416404, 0.1259040557219341,
    0.23243528526074175, 0.24346776958861724, 0.259560908511584,
    0.2927880112179529, 0.2715202866323445, 0.2086724131276437,
    0.1056920418176339, 0.13622488265285718, 0.20351714180742536,
    0.15248560413270015, 0.16247373839556697, 0.18481249121216986,
    0.15230506960722245, 0.13966986897065028, 0.16204718644002747,
    -0.12095189153766119, 0.014913623749085359, 0.1532452627950462,
    0.12463906504767211, 0.13894737984122907, 0.08766032920589675,
    0.0752915571509413, 0.07387403403125058, -0.06032105956602741,
    0.04964271368826536, 0.12955984656054448, 0.10076098443627961,
    0.03267746662186212, 0.1992884751095238, 0.012228196771296367,
    0.050265069090366134, -0.04273949597473777, -0.025598306725977037,
    0.1665766478236435, 0.20652412609554235, 0.5275792779131316,
    0.5515424573464283, 0.421385494477559, 0.3836476660437938,
    0.41215417103007196, 0.36881878683073155, 0.43899703893506253,
    0.20117167063225588, 0.2818184868393869, 0.24541687202189172,
    0.26250356128878494, 0.2262117917364083, 0.15842792158850508,
    0.1532996408088219, 0.19478581652151122, 0.19227821076191007,
    0.2730618877483739, 0.28645492638835734, 0.2894115683133922,
    0.21734474676218377, 0.1865578585575564, 0.23431009596404548,
    0.21948581052291785, 0.21766319014608276, 0.2021306166997128,
    0.1658299631154161, 0.19488298145890673, 0.20482002208089575,
    0.3212267863208533, 0.5402831852629546, 0.2464200782253251,
    0.41244029383563763, 0.31256889174385544, 0.40412146637788227,
    0.3349742345859578, 0.3406605772574834, -0.06664292217478886,
    0.21763627937405486, 0.0860680369562014, 0.16685371358779857,
    0.12707068226298118, -0.04301279874166714, -0.0848013114838542,
    -0.04756813561646867
  ],
  [
    0.35050459012955, 0.3467232865645141, 0.5109941259637838,
    0.6218282198057365, 0.6028643827678375, 0.6199518639909828,
    0.7174666774234401, 0.6987053192780017, 0.7720442851571103,
    0.7475978534668254, 1.0, 0.7364694998451018, 0.6355268082936121,
    0.5038361447857798, 0.5484841422659913, 0.6759213206175129,
    0.7214826986413824, 0.5844359870210432, 0.600449259866865,
    0.46312233369921296, 0.4077548623199851, 0.2779590542470713,
    0.3356571528754996, 0.3523837428565374, 0.4358252728084242,
    0.35781344352218175, 0.3881998219514208, 0.4434573056002742,
    -0.24752651682205506, -0.21742534617554835, -0.19616156409730343,
    -0.023501404971952126, -0.08649349081205544, -0.11450238320846677,
    -0.1389369873634695, -0.16150438785619967, -0.3664108477722177,
    -0.15857128721721253, -0.21938399200444805, 0.14288208664118013,
    0.22106041830022505, 0.2659796406569694, 0.2464808413406606,
    0.30706881296772365, 0.317240863884646, 0.17322118677685203,
    0.14310017750862947, 0.15664059912945177, 0.21806742031945367,
    0.18373201383201135, 0.19596232944106595, 0.20375217860614928,
    0.16975992671400425, 0.16970704522312668, 0.1763069000056279,
    -0.08769811695260675, 0.03585930851689886, 0.15449915840762793,
    0.13984106298954582, 0.14574639188148783, 0.10680606180002204,
    0.09738018109846656, 0.17550560693248507, 0.034266012408270013,
    0.07358548699607956, 0.1510483268339982, 0.17441510845024566,
    0.019908831878388756, 0.18943827705137334, 0.05230711958261233,
    0.1565404223097309, 0.039009027764442594, 0.04136283645826376,
    0.21235499643511546, 0.21885465229239234, 0.5866223049271456,
    0.5776881699807619, 0.4189063227148516, 0.398182731155886,
    0.48982916850672115, 0.4088365143627972, 0.43575518616820824,
    0.24813658713932019, 0.33269102578279797, 0.29334799599546707,
    0.3192042970164923, 0.28330893121551515, 0.21361706883280615,
    0.22417454194853298, 0.23948719443350153, 0.24527455126657827,
    0.29283480259972355, 0.32108728049763724, 0.3191972421807179,
    0.2493015849255301, 0.23527758109389288, 0.2775085052295876,
    0.25178006597636576, 0.2503322089913686, 0.22468380579002464,
    0.20306550590693953, 0.24309384803524195, 0.23036129220600976,
    0.35258585075799986, 0.4910882612850814, 0.3141238603224956,
    0.42910621776808583, 0.27862910874878705, 0.36093801549431176,
    0.3691526286975424, 0.460169019744792, -0.052240396904384055,
    0.33045229883176813, 0.15462303290463505, 0.19248722852802191,
    0.1932782788413171, 0.025235949422097774, 0.013852260578997529,
    0.04127125514353622
  ],
  [
    0.3027013857720015, 0.31054117652952906, 0.45097464733797527,
    0.5822736249746687, 0.5599693243362867, 0.5854522786417297,
    0.664849297600933, 0.6504079667719666, 0.7132117618664022,
    0.6941862413026524, 0.7364694998451018, 1.0, 0.5628575902522991,
    0.439558604648638, 0.49897132836694497, 0.6227585674654371,
    0.651250556931495, 0.5428180781959936, 0.5586384916304532,
    0.42864880348868656, 0.3676032944397291, 0.26024318909780186,
    0.3005024383252278, 0.3234000962784708, 0.4124687301803253,
    0.33166631259028395, 0.3732949156287758, 0.4115226207184981,
    -0.26644078744759325, -0.23855608763788708, -0.22420929738600637,
    -0.051407800324840464, -0.11782695603855156, -0.1502932984363039,
    -0.16504635742079363, -0.18525455161161955, -0.36139917889515044,
    -0.1947348182794101, -0.2526480339892748, 0.11815199370905867,
    0.19121835545333127, 0.23822146171160039, 0.21743644629930248,
    0.28454715539115605, 0.2936615291819489, 0.15888090651704176,
    0.12471068556120507, 0.12966472838129414, 0.1886936646751112,
    0.15142430706119406, 0.17653226154957616, 0.1875891906948903,
    0.15209776013074727, 0.1513392346053528, 0.15683620131342857,
    -0.07888734259778074, 0.03308200537855907, 0.14088767997045562,
    0.12172955604155866, 0.1425462485687836, 0.09104073770407832,
    0.0856617442976445, 0.11037735616572587, -0.013442621652373676,
    0.027661707851366134, 0.1117547280976119, 0.11209215534041417,
    -0.020114929725920185, 0.15869603244431077, 0.019594517595335172,
    0.10931437515753502, -0.014479327711599937, -0.0034324925661409415,
    0.17406920652953722, 0.1709332412352548, 0.5310275081813455,
    0.5172343241720453, 0.40469745188620826, 0.3611087503242021,
    0.43401331834060225, 0.3682794648582927, 0.38412433649609307,
    0.22275464130981265, 0.2944666753457933, 0.2603995417314289,
    0.2746691706173479, 0.24317568583869884, 0.17830584156236756,
    0.17794870093293852, 0.19888242941747972, 0.20071399489922423,
    0.26270740937024456, 0.28948447899717566, 0.28013836001866793,
    0.21290133308267853, 0.2039342703863727, 0.24443998678565554,
    0.21718320145421105, 0.22269155628155307, 0.19089925662519328,
    0.16572226175740645, 0.20880225406433287, 0.19969262733238116,
    0.310461495777726, 0.43253285947462683, 0.2521185767148019,
    0.3675296577095295, 0.23048415356486412, 0.3098674692143267,
    0.31806502551208926, 0.3941737499842392, -0.047413228363407674,
    0.27792733015055493, 0.11572978868814002, 0.16801837233787428,
    0.13463606282397123, -0.01286493095741778, -0.029833891308446117,
    -0.0018660492471767162
  ],
  [
    0.5027408191531259, 0.5288929925905129, 0.6180302900138132,
    0.5150393281471457, 0.5460322752766493, 0.5686315004476388,
    0.7592013558736076, 0.6628169077983685, 0.704727755908456,
    0.6105997141658489, 0.6355268082936121, 0.5628575902522991, 1.0,
    0.5361862511860402, 0.48713161347358647, 0.5582031340606571,
    0.6158237357224335, 0.517069240828016, 0.565041540685832,
    0.43270577818531214, 0.3932385512888055, 0.2051133245664667,
    0.2547816838920439, 0.3073669628649601, 0.42698370049440265,
    0.3424466373410139, 0.33836817582268386, 0.3911606962173573,
    -0.12214678668291339, -0.13851338907122437, 0.019782425157299707,
    0.1435828197946476, 0.10197109950496265, 0.11302935638986546,
    0.09020488843773068, 0.018658281197800494, -0.18250442272838924,
    0.15081286229674412, 0.08836872847598219, 0.26317220402034075,
    0.362733940972279, 0.2922602035656681, 0.29168712820129195,
    0.2985367294875591, 0.3651410136245676, 0.23772691486255734,
    0.19169665631848434, 0.2009751131777294, 0.2578268332454736,
    0.19877722466326975, 0.2076485332399603, 0.2464335913420169,
    0.1884935131324632, 0.2027322696021969, 0.20021709755149186,
    0.024548163942415435, 0.1170125391686247, 0.15419192361614548,
    0.1732639137111376, 0.17477372938681957, 0.12678314207613625,
    0.12133623581463152, 0.35271995176718896, 0.3345548067158568,
    0.27281658887750604, 0.21449355807729387, 0.35960850805202027,
    0.1940764680533955, 0.31833489225596423, 0.15846282155439484,
    0.40460845933443007, 0.3327544873072408, 0.3623221154847527,
    0.39023540052928196, 0.4549367867268873, 0.5367448329232014,
    0.43758221936158437, 0.2890414485916738, 0.3091602758937406,
    0.45924714044878234, 0.4462473266326509, 0.43954252259448423,
    0.2995033078154846, 0.3997371915430615, 0.3627452563501929,
    0.40495948144429056, 0.37099826357589455, 0.2814549862223671,
    0.30966508817599586, 0.33927954565400814, 0.33225014431523797,
    0.3564535135347609, 0.34770682334690844, 0.34301376435116276,
    0.2879278701692931, 0.3199232969780909, 0.31822231075556856,
    0.3077318041537413, 0.2662843497409923, 0.2728068401503784,
    0.2636683502323786, 0.2800831741754026, 0.2840654702676781,
    0.4514337596824117, 0.5529236857980198, 0.4377215113902355,
    0.4809292373676792, 0.3815639396679547, 0.47060226677663614,
    0.6147490294048968, 0.5755043835286883, -0.12699421971374475,
    0.342951534770839, 0.149677628576781, 0.1677195294871559,
    0.2983221172346349, 0.20846205650505856, 0.12473448347964057,
    0.19140134646451815
  ],
  [
    0.3766878891932958, 0.3938422192253825, 0.5110988458632024,
    0.37744621398224476, 0.46024179893351425, 0.385998494194027,
    0.5086838499688465, 0.5132952781933795, 0.535459167312752,
    0.4585392026316422, 0.5038361447857798, 0.439558604648638,
    0.5361862511860402, 1.0, 0.4160544435708123, 0.48546037121384084,
    0.46999820303647566, 0.3458008566460077, 0.3881599308351532,
    0.28219353393286656, 0.2978860267235731, 0.15605144803979373,
    0.21845839299583059, 0.24275093556789962, 0.3093874256657891,
    0.27213284573916824, 0.26649835679822365, 0.30565412492803845,
    -0.0287788327775478, -0.022269635168070453, 0.07921619801499136,
    0.07443440349068936, 0.04616173005948857, 0.06829437714003657,
    0.04517684605384325, 0.020604285673817314, -0.13137191254578084,
    0.13048681674906928, 0.0690416085116081, 0.21662118510276396,
    0.25829163200918964, 0.23074969251901534, 0.18434228395368799,
    0.2481723709017295, 0.2667086828092991, 0.1378662603454301,
    0.1602025407642984, 0.15971593348327914, 0.21382593870937203,
    0.14877658067844649, 0.17421711602064016, 0.17260043376617992,
    0.13643236353002106, 0.14669415945984046, 0.15265045411492456,
    -0.054052901897814025, 0.023791212357418497, 0.1204521234561465,
    0.14934635127642404, 0.1526424014189683, 0.09487537556059729,
    0.09735568051058288, 0.2548677697835483, 0.22945818586123162,
    0.31579068502880364, 0.2760899285406758, 0.35941395674552595,
    0.24751231306533164, 0.18542102716215425, 0.12385863214763367,
    0.3250959220742152, 0.31121484692343043, 0.2932916725533317,
    0.31453479480274954, 0.4286278904906597, 0.40363434524470254,
    0.41949420568593576, 0.1629903860283358, 0.2050496194877112,
    0.310899045198851, 0.3117986967709695, 0.3217306941113522,
    0.1817884311564738, 0.2679427600949348, 0.2224816614501487,
    0.27915498440826014, 0.25675806005054147, 0.2036482268697801,
    0.24504461132615865, 0.2627131564616759, 0.2611273581282788,
    0.2443689523139963, 0.24462859692187908, 0.2598273500265649,
    0.22172920880350994, 0.21184858988551322, 0.2221208858743575,
    0.22364173661159775, 0.22375169762709352, 0.21709507247745552,
    0.2172043123406445, 0.220630227859939, 0.21894078221955388,
    0.2810878423043915, 0.39222188265771996, 0.36566854283468236,
    0.4498771120958944, 0.3447482272103619, 0.3699196448937254,
    0.31673568765959426, 0.4675017150913983, -0.11456536507052709,
    0.23872362342202724, 0.12943278710356226, 0.054477329202110646,
    0.18898845562861838, 0.13864621064218352, 0.11941289307031894,
    0.11400630942823962
  ],
  [
    0.2503463949782835, 0.2521886835899334, 0.3282685541304582,
    0.4729376912992039, 0.47031475988195787, 0.48346062717118876,
    0.5106335916041586, 0.5082582023351251, 0.5421451011615511,
    0.5374962864401408, 0.5484841422659913, 0.49897132836694497,
    0.48713161347358647, 0.4160544435708123, 1.0, 0.5051198310448284,
    0.5115670060154358, 0.47007754180391426, 0.46791843665800964,
    0.38059439666932704, 0.36144738140180194, 0.24733080464105706,
    0.31037486449903695, 0.37891458374972475, 0.3590247540337818,
    0.28565151378891446, 0.28543519696259256, 0.3324683044000259,
    -0.06041361100520562, -0.030862657493353388, -0.043791251439612495,
    0.03805694820452811, 0.01007562525537474, -0.027496692466239116,
    -0.026858609829761102, -0.004490382159503233, -0.18578900492107345,
    -0.09506277840393292, -0.10332809974498983, 0.14833553700834562,
    0.24385428678335044, 0.23577875775347185, 0.2245087323330499,
